HERBALIST

210796, 210808, 210799, 210802, 210805, 210810, 210801, 210798, 210803, 210800, 210809, 210804, 210797, 210807, 210806, -- Regular herbs
213197, 213613, 213612, 213611, 213610, -- Blue herbs

ALQUIMIA

211802, 211803, 211804, 211805, 211806, 221756, 210815, 210828, 212292, 213759, 212754, 221763, -- Alchemy components
210816, 212563, 212564, 212565, 228401, 228402, 228403, 228404, 228405, 228406, -- reagents
212721, 212719, 212720, 212753, 212751, 212752, -- cauldrons
212281, 212282, 212283, 212299, 212300, 212301, 212269, 212270, 212271, 212278, 212279, 212280, 212272, 212273, 212274, 212275, 212277, 212276, 212316, 212314, 212315, 212307, 212305, 212306, 212313, 212311, 212312, 212308, 212310, 212309, 212289, 212292, 212298, -- flasks
211880, 211878, 211879, 212241, 212239, 212240, 212242, 212244, 212243, 212251, 212253, 212252, 212248, 212250, 212249, 212781, 212260, 212262, 212261, 212256, 212254, 212255, 212268, 212266, 212267, 212259, 212257, 212258, 212247, 212245, 212246, 212265, 212263, 212264,  -- potions
226265, 226266, 226268, 226267, 226269, 226270, 226272, 226271, -- Treasures

ENCHANTING

219949, 219950, 219951, 219955, 219954, 219952, 219946, 219947, 219948,  -- disenchanting mats
224107, 224105, 224106, 224173, 224175, 224174, 224176, 224177, 224178, 224110, 224108, 224109, 224113, 224111, 224112, 224114, 224115, 224116, 224405, -- crafted (no recipes nor illusories)

Transmog: 

MINERIA

217707, 210939, 224828, 213611, 213610, -- Blue ores
